$ 1 0.000005 10.20027730826997 50 5 43 5e-11
r 320 -48 320 -96 0 1
w 320 -160 320 -96 0
w 320 -368 320 -304 0
w -224 -176 -112 -176 0
w -224 -256 -224 -176 0
w -112 -176 -112 -48 0
w -128 -16 -112 -16 0
150 -112 -32 16 -32 0 2 0 5
w -128 -16 -128 -208 0
150 -112 -240 16 -240 0 2 0 5
w -128 -208 -128 -224 0
w -128 -224 -112 -224 0
I -224 -16 -128 -16 0 0.5 5
w -128 -256 -112 -256 0
I -224 -256 -128 -256 0 0.5 5
w 16 -32 256 -32 0
w 16 -240 224 -240 0
g -304 0 -304 32 0 0
w -368 -32 -304 -32 0
g -368 16 -368 48 0 0
v -368 16 -368 -32 0 0 40 5 0 0 0.5
x -303 -50 -230 -47 4 24 Pad_C
S -224 -16 -304 -16 0 1 false 0 2
g 256 80 256 128 0 0
g 224 80 224 128 0 0
r 256 16 256 80 0 1000
r 224 16 224 80 0 1000
w 256 -32 256 16 0
w 224 -240 224 16 0
w 256 -240 224 -240 0
w 384 -48 320 -48 0
w 384 -256 320 -256 0
w 208 -160 320 -160 0
w 208 -368 320 -368 0
S -224 -176 -304 -176 0 0 false 0 2
x -303 -210 -272 -207 4 24 ctrl
v -368 -144 -368 -192 0 0 40 5 0 0 0.5
g -368 -144 -368 -112 0 0
w -368 -192 -304 -192 0
w 64 -176 128 -176 0
g 64 -128 64 -96 0 0
v 64 -128 64 -176 0 0 40 5 0 0 0.5
x 129 -194 198 -191 4 24 Pad_5
S 208 -160 128 -160 0 1 false 0 2
g 128 -144 128 -112 0 0
g -304 -160 -304 -128 0 0
g 128 -352 128 -320 0 0
S 208 -368 128 -368 0 1 false 0 2
x 129 -402 198 -399 4 24 Pad_6
v 64 -336 64 -384 0 0 40 5 0 0 0.5
g 64 -336 64 -304 0 0
w 64 -384 128 -384 0
g 480 -48 480 0 0 0
181 384 -48 480 -48 0 2193.9267479343866 5 5 0.001 0.001
181 384 -256 480 -256 0 2193.926747934409 5 5 0.001 0.001
g 480 -256 480 -208 0 0
f 256 -240 320 -240 32 1.5 2000
f 256 -32 320 -32 32 1.5 2000
g 320 -224 320 -208 0 0
g 320 -16 320 16 0 0
r 320 -256 320 -304 0 1
