$ 1 0.000005 10.20027730826997 50 5 50 5e-11
152 704 464 816 464 0 2 5 5
152 704 752 816 752 0 2 5 5
d 880 464 816 464 2 default
d 880 752 816 752 2 default
I 560 512 640 512 0 0.5 5
v 384 592 384 496 0 0 40 5 0 0 0.5
v 384 848 384 752 0 0 40 5 0 0 0.5
v 896 384 896 288 0 0 40 5 0 0 0.5
r 1072 752 1072 672 0 1
r 1072 464 1072 384 0 1
181 1136 464 1184 464 0 2193.9269960442616 5 5 0.001 0.001
181 1136 752 1184 752 0 2193.9269960442616 5 5 0.001 0.001
S 512 768 448 768 0 1 false 0 2
S 512 512 448 512 0 1 false 0 2
S 1008 304 944 304 0 1 false 0 2
S 1008 592 944 592 0 1 false 0 2
g 384 848 384 880 0 0
g 384 592 384 624 0 0
w 384 496 448 496 0
w 384 752 448 752 0
g 448 528 448 560 0 0
g 448 784 448 816 0 0
w 704 480 672 480 0
w 672 480 672 768 0
w 704 768 672 768 0
w 672 768 512 768 0
w 512 512 560 512 0
w 560 512 560 448 0
w 560 448 704 448 0
w 640 512 704 512 0
w 704 512 704 736 0
g 896 384 896 416 0 0
g 896 672 896 704 0 0
v 896 672 896 576 0 0 40 5 0 0 0.5
w 880 752 1072 752 0
w 880 464 1072 464 0
g 1184 464 1184 496 0 0
g 1184 752 1184 784 0 0
w 1072 752 1136 752 0
w 1072 464 1136 464 0
w 1008 304 1072 304 0
w 1072 304 1072 384 0
w 1008 592 1072 592 0
w 1072 592 1072 672 0
w 896 288 944 288 0
w 896 576 944 576 0
x 916 560 985 563 4 24 Pad_5
x 916 266 985 269 4 24 Pad_6
x 451 728 524 731 4 24 Pad_C
x 455 471 486 474 4 24 ctrl
