$ 1 0.000005 10.20027730826997 50 5 43 5e-11
w -1088 672 -1168 672 0
r -1072 176 -1024 176 0 1
w -928 656 -848 656 0
w -944 336 -848 336 0
d -1024 336 -944 336 2 default
g -960 672 -960 736 0 0
w -992 640 -960 640 0
w -992 688 -992 640 0
w -1024 688 -992 688 0
f -928 656 -960 656 32 1.5 2000
w -1200 672 -1168 672 0
r -1072 528 -1024 528 0 1
w -1168 528 -1072 528 0
f -1088 672 -1024 672 33 1.5 2000
w -1024 656 -1024 528 0
r -1168 528 -1168 672 0 1000
g -1280 688 -1280 720 0 0
w -1168 320 -1088 320 0
r -1168 176 -1168 320 0 1000
w -1024 304 -1024 176 0
f -1088 320 -1024 320 33 1.5 2000
w -752 320 -688 320 0
g -1280 544 -1280 576 0 0
S -1200 528 -1280 528 0 1 false 0 2
x -1279 494 -1210 497 4 24 Pad_5
v -1344 560 -1344 512 0 0 40 5 0 0 0.5
g -1344 560 -1344 592 0 0
w -1344 512 -1280 512 0
w -1200 528 -1168 528 0
w -1168 176 -1072 176 0
w -1200 176 -1168 176 0
w -1200 320 -1168 320 0
w -1200 672 -1200 320 0
w -848 336 -848 656 0
w -1344 656 -1280 656 0
g -1344 704 -1344 736 0 0
v -1344 704 -1344 656 0 0 40 5 0 0 0.5
x -1279 638 -1206 641 4 24 Pad_C
S -1200 672 -1280 672 0 1 false 0 2
181 -1024 528 -928 528 0 2193.9264821082693 5 5 0.001 0.001
g -928 528 -928 576 0 0
S -848 336 -752 336 0 0 false 0 2
g -752 352 -752 384 0 0
x -847 302 -816 305 4 24 ctrl
v -688 368 -688 320 0 0 40 5 0 0 0.5
g -688 368 -688 400 0 0
g -928 176 -928 224 0 0
181 -1024 176 -928 176 0 2193.9269960442616 5 5 0.001 0.001
w -1344 160 -1280 160 0
g -1344 208 -1344 240 0 0
v -1344 208 -1344 160 0 0 40 5 0 0 0.5
x -1279 142 -1210 145 4 24 Pad_6
S -1200 176 -1280 176 0 1 false 0 2
g -1280 192 -1280 224 0 0
