$ 1 0.000005 10.20027730826997 50 5 43 5e-11
x -960 367 -800 370 4 24 Pad_C\sinverter
d -704 -64 -640 -64 2 default
g -656 112 -656 176 0 0
w -496 96 -592 96 0
g -592 160 -592 176 0 0
r -592 96 -592 160 0 15000
f -592 96 -656 96 32 1.5 2000
w -400 -80 -336 -80 0
g -1152 32 -1152 64 0 0
S -1072 16 -1152 16 0 1 false 0 2
x -1151 -18 -1082 -15 4 24 Pad_5
v -1216 48 -1216 0 0 0 40 5 0 0 0.5
g -1216 48 -1216 80 0 0
w -1216 0 -1152 0 0
w -1040 16 -992 16 0
w -1072 16 -1040 16 0
w -1040 -144 -992 -144 0
w -1072 -144 -1040 -144 0
w -1072 208 -992 208 0
w -640 -64 -496 -64 0
w -496 -64 -496 96 0
w -1216 192 -1152 192 0
f -768 64 -704 64 32 1.5 2000
g -1216 240 -1216 272 0 0
v -1216 240 -1216 192 0 0 40 5 0 0 0.5
x -1151 174 -1078 177 4 24 Pad_C
S -1072 208 -1152 208 0 1 false 0 2
f -944 208 -880 208 32 1.5 2000
g -944 272 -944 304 0 0
r -944 208 -944 272 0 15000
181 -704 16 -608 16 0 2193.9267479406744 5 5 0.001 0.001
g -608 16 -608 64 0 0
w -992 16 -880 16 0
w -992 208 -944 208 0
g -880 224 -880 272 0 0
w -752 16 -880 16 0
r -752 16 -704 16 0 1
r -768 192 -768 240 0 100000
423 -800 336 -972 336 0
w -832 192 -768 192 0
w -704 16 -704 48 0
p -832 192 -832 256 3 0 0
w -832 192 -880 192 0
g -832 256 -832 288 0 0
S -496 -64 -400 -64 0 0 false 0 2
g -400 -48 -400 -16 0 0
x -495 -98 -464 -95 4 24 ctrl
v -336 -32 -336 -80 0 0 40 5 0 0 0.5
g -336 -32 -336 0 0 0
w -704 -144 -704 -96 0
r -752 -144 -704 -144 0 1
w -752 -144 -880 -144 0
w -992 -144 -880 -144 0
g -608 -144 -608 -96 0 0
181 -704 -144 -608 -144 0 2191.703272948246 5 5 0.001 0.001
w -1216 -160 -1152 -160 0
g -1216 -112 -1216 -80 0 0
v -1216 -112 -1216 -160 0 0 40 5 0 0 0.5
x -1151 -178 -1082 -175 4 24 Pad_6
S -1072 -144 -1152 -144 0 1 false 0 2
g -1152 -128 -1152 -96 0 0
f -768 -80 -704 -80 32 1.5 2000
w -768 240 -288 240 0
w -288 240 -288 -80 0
w -288 -80 -336 -80 0
w -768 -80 -768 64 0
w -768 192 -768 64 0
w -656 80 -704 80 0
